0 0.044406 0.816071 0.047290 0.146429
2 0.074971 0.796429 0.057670 0.200000
2 0.113033 0.741071 0.055363 0.260714
1 0.169550 0.671429 0.099193 0.371429
0 0.241061 0.675000 0.048443 0.457143
1 0.300461 0.585714 0.084198 0.414286
1 0.366205 0.571429 0.058824 0.307143
1 0.416955 0.394643 0.088812 0.353571
1 0.481546 0.298214 0.107266 0.546429
0 0.417532 0.717857 0.041522 0.250000
0 0.457324 0.728571 0.038062 0.285714
0 0.494233 0.723214 0.049596 0.267857
1 0.575548 0.285714 0.089965 0.521429
1 0.622261 0.667857 0.084198 0.407143
1 0.675894 0.300000 0.094579 0.371429
0 0.685121 0.667857 0.087659 0.400000
1 0.738754 0.435714 0.061130 0.278571
1 0.784314 0.712500 0.053057 0.332143
1 0.820646 0.437500 0.086505 0.339286
